875863 613064 861276 49209 477454 64255 260377 982900 804734 249577
481802 414798 354598 107358 583352 920224 217621 950290 24491 980488
576279 10308 816264 496723 978680 627624 14090 150604 162163 418837
159606 881418 752827 269705 872533 702738 276737 7522 598333 542664
98316 397983 794121 603848 695337 798341 424376 588874 807323 354785
364499 302385 820042 95344 155316 282013 439807 345633 327922 332651
477554 673414 971255 970904 881785 217222 696432 913491 718942 703573
210829 187849 852128 120222 338448 94690 545696 314223 300188 895886
524857 650966 812694 12455 261685 502679 692966 298057 913413 685521
385851 704174 947522 514676 401616 308302 74987 543669 257961 32677
341023 842060 195370 435752 603501 705224 76880 983139 436132 985216
582722 270643 483598 592866 514591 283005 553233 814718 749050 16498
839664 727834 745166 533921 911328 61108 298802 818305 637151 57821
419320 638919 773228 621677 887446 544825 624340 275392 113537 311676
362922 794626 647885 41162 847380 158407 90718 886506 818667 192392
5179 405773 943746 541303 892060 681426 88480 436258 344251 884784
846625 926810 923909 666425 594607 67659 618695 304901 57723 513502
382778 700002 8174 237765 492171 801889 392958 949409 593900 428386
347950 399714 828815 132721 370439 848749 255712 119672 993559 11410
88451 898280 506464 705569 143972 818089 869703 234109 960915 197904
908704 929908 32592 412159 741516 236073 455326 202977 350308 245509
689791 544109 256043 303666 342428 953025 180263 501690 907804 191381
777344 293117 372009 286058 632193 196458 463434 437550 649006 674414
687546 581018 667837 830420 62061 317377 948236 776234 889296 576643
482812 553256 238798 311231 184022 644786 225102 54655 749763 959046
405190 152051 991890 887641 778466 268383 247313 317287 605469 270708
488648 498879 367810 682223 150841 904957 972071 807658 596586 598092
917649 996124 134710 831024 869427 69068 685593 44587 795293 859827
216151 670117 86459 853975 688799 702758 973580 660188 884374 387550
830020 202728 462340 133168 569380 769626 386404 759743 955173 156584
559872 610128 684897 604411 103970 11975 414080 557171 789464 479170
526557 681880 541715 498203 656639 123668 111896 369061 45294 572432
198545 718906 11745 902850 176496 874646 320771 6052 325301 171016
591068 185353 733919 925897 12655 492041 751983 703384 927995 172479
238022 695571 108780 413544 907265 359892 54787 753597 3955 98238
464517 306849 669147 642943 940249 418018 937613 540800 284462 972729
27239 392002 442803 877243 828022 450608 785730 585594 183702 351648
548057 503302 887536 297592 890208 529841 673444 431226 452703 125529
413382 105947 351674 465839 22749 469713 907215 924804 690254 447169
876860 660592 946078 596820 332601 680688 732556 597466 855683 295444
962150 110386 6845 708841 13007 621070 874135 368924 343383 911137
269507 932274 983700 121212 522298 13763 256374 30746 485702 94665
181052 996700 764850 270159 546740 484034 930851 147600 330881 353364
658594 151488 719230 135782 876690 766816 228525 939375 91766 780416
106270 627413 736009 385336 418539 898300 440311 73268 118408 295497
140602 927800 171670 898159 266155 826430 776033 901175 366153 495718
125806 302135 743566 1597 405450 33299 656193 769186 816769 233099
893201 630762 288709 915406 603995 46158 597417 351478 562625 885598
330033 422465 484656 959386 412402 315860 777188 903278 457323 202930
921654 997121 134908 18907 658736 640675 789205 708089 519249 744288
719018 283760 154705 699940 735040 747467 600635 16563 477255 881282
560650 766313 435778 318997 692852 422260 522532 785572 943531 14247
340222 250861 953376 113399 84348 268705 955681 291869 603121 941572
405044 810167 596139 306527 801926 793313 226109 907940 24160 596617
973952 515961 60362 859655 169205 398542 986753 611118 789692 486175
523442 990290 713991 402625 115635 372588 377353 27519 669733 337124
731939 147748 68203 532619 309960 465306 340429 794163 215186 505095
134635 373771 133844 995978 138757 743199 984604 638692 862993 758972
314499 313459 208482 533564 280201 445958 387388 629513 95799 734760
640196 213194 743337 404951 468560 233910 642933 755105 544222 575374
384580 594590 781191 545507 571365 972988 149329 423621 355804 486162
656391 486452 965410 57588 533294 504729 871693 300318 626193 474020
617333 382120 238268 669816 163715 38906 849942 222467 462327 542772
948839 308813 673390 856065 29641 342072 113149 677575 300602 423788
664311 190570 201808 689124 992737 992065 563422 769800 260084 768240
998815 250738 806781 893991 826794 174094 915983 912462 788456 483639
183879 836523 445769 939723 419591 167055 207883 652648 236984 371594
559140 437818 641409 924945 688685 177917 282623 809008 293551 562768
208478 67565 216136 380531 593234 649934 74776 14848 876632 193676
105617 612742 570840 659590 963607 803980 665725 415142 677951 465775
585604 607665 291871 934790 904064 97 295555 624621 41613 585790
380905 884727 821584 297255 224315 736278 896044 750484 300794 430847
739490 78067 47551 986909 843890 835481 210818 579655 293983 213890
409872 52582 562352 796236 286162 608677 442059 297260 506682 506733
884055 622859 116053 782274 601781 798743 921997 114273 880048 619274
300235 570035 783455 38489 650865 688800 382775 918619 610646 687333
445456 185406 830622 199684 692847 355198 525350 965985 769428 79400
606098 295978 592618 794257 579937 21703 902814 937851 305463 720595
329250 68313 457956 887259 619976 297739 244843 283344 434459 975225
475555 281012 216867 549177 793482 214930 85007 656830 327637 962214
959486 583810 192236 796685 49259 371192 136818 272983 275078 919694
385241 82090 329331 136400 961564 111499 845731 359451 305649 634475
554204 503617 30694 536981 314973 535812 392630 409355 136586 873820
141611 511516 340101 86188 39151 768676 451318 359899 646101 324038
277100 602066 107745 749875 181610 809722 580140 985495 388515 772023
274185 624842 661319 21194 586621 411136 657510 723824 261931 829600
4459 423144 282071 650333 273493 393818 547346 866709 655686 764480
734580 10606 796425 805540 653614 610470 880864 726290 429663 880384
143072 471927 456057 789119 210783 676948 8523 356592 240068 200519
463633 756200 49725 552889 732415 775753 641057 310260 723378 162578
414765 991380 855337 555677 345329 743901 55682 101053 729408 5367
224073 920182 394305 231226 50822 754262 869909 207958 613289 366479
117561 590267 604731 995914 584412 251923 200519 386273 479490 444168
291486 887985 87932 545187 858958 531673 593531 436988 892378 15185
662500 712897 925444 712861 152499 878376 285915 563169 496533 772368
864526 2660 522154 317359 845528 992525 960220 361948 826621 333551
469587 120231 880217 496901 840549 40008 341101 221030 259790 226767
750420 303455 217811 422246 290480 286673 545108 888070 289620 825921
285890 378535 384063 338545 559673 464854 220736 679579 960780 339741
19605 439675 926097 273459 886374 154774 667472 498068 177206 673972
308211 733929 573582 542545 288079 286941 53238 434677 137983 221453
899159 171709 721689 207625 216701 806832 10669 692496 216530 507055
247637 698203 383461 37344 723019 488967 34118 415166 31267 5771
463971 821093 686777 464339 485683 942376 940478 437552 413623 335639
593647 807043 844611 144089 679335 975100 153230 641213 367134 73255
488280 114352 460726 607997 257886 133888 190497 536902 761618 375360
34995 604564 175111 908607 629882 695179 727753 526003 788056 430066
927543 126604 858884 907387 559856 504653 894250 762045 175593 375246
931224 721276 697645 93457 407442 157738 818594 302304 545188 428597
956363 252955 34562 129618 41897 950224 626043 653283 503736 78154
755663 294207 126827 562523 535341 867306 875950 899816 64984 448832
663565 935689 42999 158975 88231 97571 76020 309120 636986 721077
89947 440586 27662 398104 936109 216384 945464 16145 741748 754152
127934 719926 670420 621145 251011 219722 796252 684575 98985 306012
595908 926111 190480 659881 326450 299424 897404 953697 411370 70754
181912 186158 355058 53567 852261 121422 721668 641450 127579 862611
291431 447095 273640 649737 742253 952841 926179 785266 125954 92616
279049 681895 336323 169772 283273 471881 405645 682395 441622 851545
923670 170993 658801 210805 543017 675436 908984 316187 302106 372911
564896 266030 285747 828344 88503 820865 839225 345558 933628 671753
146485 750811 631631 171940 714243 855220 238416 285328 153494 884918
991253 271185 105027 943085 289471 8362 369524 985403 809880 690874
941536 934191 241150 270469 679251 677354 139720 80972 475522 103733
331103 821852 902983 652686 254661 282700 157620 276439 4057 734028
983861 786426 723390 723331 65227 849269 798819 494882 107395 130071
855339 117418 840561 718128 204986 161989 33013 39800 2574 885397
179793 730357 954966 240960 672752 63434 801346 800573 742269 33694
444493 615712 448679 828214 905994 729817 199066 903110 744263 42663
225161 38079 296782 493037 148737 457778 780516 638975 716865 705751
730595 430384 326828 440717 46207 42642 985292 560425 807530 971160
880911 201110 390244 871323 656894 815969 950715 553056 696688 699029
383215 287305 289010 787681 561233 760107 226090 731648 966828 365824
880354 248558 853065 895740 899139 753782 67813 953874 920231 308215
27839 929366 843696 316911 763229 836559 300568 127424 82879 536057
485923 432629 312985 864945 708545 989117 383055 296004 113893 949868
401854 577189 826191 951851 438367 723984 287146 383244 581587 499923
291611 798246 123715 682351 816397 283415 152814 952040 690068 254333
687186 274151 197268 77 696732 649520 331341 723093 91107 611630
453254 83124 57860 828761 183526 456684 407755 792033 291815 494777
833627 410464 662537 598513 266670 930158 480767 937068 50227 239302
709313 7251 258816 961072 474664 698201 525137 521270 46288 306919
770645 337082 276662 337830 316498 294847 22097 259660 198358 276106
61984 224904 628762 514897 597035 982802 295427 997020 759883 816328
802562 104936 69387 898521 312412 678044 526665 32894 993627 543477
372271 660196 842913 145353 443045 799735 592385 161114 501939 264128
353468 270802 292317 199215 765116 710465 226882 609449 719613 195491
957219 213484 721831 971233 63127 302674 91661 689678 453600 249606
333260 602193 218606 964654 824004 920639 463607 855002 651642 720939
314126 345519 865612 931703 83062 851912 773899 431942 721865 932010
255820 54408 512096 60383 303863 439165 115294 74779 129309 627028
906128 364973 333199 585304 499169 640637 957907 687278 853019 723072
426872 185690 936834 844338 672113 928459 315489 299523 182431 666778
454252 956699 430698 226973 724016 15994 461394 874454 933630 313902
55341 771006 274784 362239 841807 905228 631902 211572 83548 770085
308393 526559 826819 882949 705964 926334 734305 103188 156137 695423
129841 653839 488124 726402 613058 846534 518441 418987 730353 541748
21134 271620 447815 860208 998038 98150 573342 202643 251431 143114
980886 849807 433288 180542 217008 319858 340648 515945 210470 580818
910330 283462 324892 254539 702128 180209 379205 853037 399194 174272
583816 946372 557433 659145 336740 877878 237708 237013 125623 335745
72697 296603 321964 3671 427985 618141 183612 718536 229176 130360
334789 278625 525308 807353 737355 70814 800774 178935 601170 865795
154038 280791 91960 661769 409588 894900 281776 608805 139623 246531
483837 995319 614926 150276 356940 393452 924631 518513 797403 954442
97082 949495 610616 724598 415938 996638 470699 300290 540039 717543
473037 251181 208819 851255 973288 577603 507374 208990 897022 235806
152031 282110 432164 42940 347765 966132 266950 457685 40802 20808
802493 653225 910357 971922 483037 243872 808226 596418 137660 222923
708556 316966 139803 869933 285300 940290 832553 541941 647519 659160
792180 718561 749584 148871 402402 859103 87515 457559 479450 27167
811244 115245 327286 117597 884002 951019 247553 411105 895666 609395
172736 26719 639306 957889 577674 148143 74159 586027 882821 778216
295949 47122 741039 595240 138125 279172 324525 812944 656559 498567
145392 556933 134646 484193 578793 816381 754821 177044 968754 204090
895485 918471 843144 524131 330383 337218 526881 951924 230572 877991
321236 34334 964314 628429 239208 79401 474653 589120 454495 423231
650236 349911 252045 108722 196467 338306 795979 616340 289880 785441
948427 818314 702566 571939 392318 515246 229112 808454 725915 188754
438935 857767 289356 888483 572329 400939 975595 338766 503037 800650
644568 585837 682179 119393 152367 535578 675375 381548 484540 483115
117602 181572 853389 726106 379459 530088 764243 227072 871774 767020
416896 415437 370096 939962 401119 823836 529932 518829 884286 176349
489968 909825 47978 75442 648252 187964 142537 527647 260776 661302
144486 12451 629499 524327 938812 334738 13804 378520 725458 582810
460233 422459 22885 802105 173393 314398 222557 952575 406319 698790
522164 226271 957255 128795 709924 230243 252579 720680 562762 491942
355992 762860 144612 742607 945940 860897 587560 166818 458192 849833
630335 834843 566952 407422 119720 973115 363661 406039 766208 827973
171865 9100 557352 312565 547148 190848 222545 117174 601620 753325
567935 743371 765351 122518 968136 567010 882169 326547 672344 70571
826727 976052 35201 637886 65901 941998 620056 696742 197881 648856
521788 877451 269608 263633 54212 129920 307283 724329 432508 929699
485097 804646 445982 733502 781232 394935 819771 416970 249250 412831
728419 13778 562932 501140 63172 102233 642157 538753 352445 878883
903587 881028 518545 213923 558553 7688 520403 189501 180643 554768
120586 23139 653700 520441 703944 611354 72536 968751 516813 747762
248637 236177 664744 546978 393697 608778 341027 164364 393305 184324
461958 524976 538032 698209 881528 932040 557698 341064 420435 344547
32401 525476 844972 979925 895176 528859 600009 281574 492926 493855
188256 889649 630953 582963 464521 581271 732388 621893 793503 414568
615447 385692 562042 762496 282750 793539 644686 334908 90145 513223
704387 606162 962700 308747 701294 153540 374305 414299 660446 15670
7878 579716 216324 177309 275987 946552 481124 347046 346736 731304
617930 221293 760729 760190 910850 821483 46791 853512 685407 845717
929779 430989 550231 135472 1664 939716 883412 137520 313837 139643
462180 895380 536501 281627 611253 493881 18484 907453 362702 120587
732032 237379 961087 791758 967566 351065 859230 610904 637202 468743
419559 373397 792104 72499 491076 594572 565387 54334 916146 142779
36524 769665 74118 224536 942076 910754 465999 823632 940001 398472
375797 290890 279318 258095 947037 769118 855752 168902 570476 263473
14671 261781 56221 792943 279001 737658 182871 446823 157853 416513
481186 479469 179683 96093 562019 639311 992485 929492 25939 685120
179170 268585 893281 314186 758974 866351 872798 194724 627942 915916
477651 414031 628702 473947 988574 223882 479319 791787 522255 283358
636843 577473 565765 925483 251796 245028 996746 17356 200624 575600
836777 322908 245172 598126 262488 620121 659064 563278 199539 518011
352152 780442 522932 898173 199305 616477 454027 679741 817103 745279
36516 248396 99555 168824 933524 324860 576982 854286 914019 191535
913805 416662 360438 35364 597776 455043 163153 390832 401404 300521
379989 872692 958798 221875 537530 367579 551806 634153 816858 440848
981028 65531 171207 328989 629561 623517 110702 157731 192572 308369
495042 139547 129050 146950 320282 825485 707839 385438 559240 493102
896123 564649 816059 176212 404536 286219 574447 306647 165692 731787
797897 53322 307887 771762 246289 644021 232354 261833 771623 361051
184963 995190 804219 961159 21540 407576 422031 691732 35468 838973
954512 175120 243046 393162 861011 585223 179411 920130 960320 353105
295418 684151 643527 18478 980453 992144 3165 238328 243168 792234
717796 496270 274742 328356 58903 205524 761223 343719 41756 750063
863118 353810 463370 88800 650305 859170 490016 923845 34219 38654
461281 709003 926996 382379 469534 786104 389898 121534 903777 468241
502214 364448 844729 124282 95820 602505 336259 35544 237106 542964
426857 866715 792690 28986 640313 336652 16206 102935 50602 396592
713044 238780 147363 62698 401231 958979 496850 378529 710243 382245
953786 199383 346758 879654 578954 40666 733582 901742 614594 780775
167960 314423 644660 351958 622567 941546 36935 337460 418804 715845
349181 375711 358317 13088 442975 217759 550862 234693 100876 175462
476593 473391 641925 691083 111925 393103 779192 272403 757380 674280
483010 772039 251925 77819 884179 460138 818626 4098 967078 571399
841486 288260 582651 502560 733041 355103 663674 55321 472984 375293
23164 107665 958998 567737 356361 680490 432891 658372 723091 988877
784660 249339 733790 309350 199843 681725 85499 182486 673214 522432
977807 893571 804730 145183 457712 520191 872041 186755 652964 856166
57666 245131 884110 132870 679572 464862 709317 2869 874809 910496
727552 686327 91670 218577 664537 953145 265870 329737 521180 584741
13857 693370 771061 18737 45061 440626 856078 871295 156897 594840
860960 416745 680264 804972 425319 454631 135048 79601 38929 639792
369258 52631 1450 408516 323287 190368 675341 128683 88991 832234
36210 751410 944126 450008 500759 701410 859032 613487 42631 445107
333886 378517 984421 973218 752884 321112 494936 139953 760508 889621
979249 263260 598077 537035 3503 779024 878477 809155 368026 507836
148315 371355 124617 90039 822658 562564 600121 662387 90754 168213
327800 511743 897805 577161 796805 483646 518840 603584 196775 723312
109983 720654 920575 328576 58088 969287 531538 445664 731414 128310
803161 699771 130028 387368 927791 915765 395793 864400 71790 546295
135581 277622 465581 687528 211736 909964 695111 882057 458229 537324
110711 523272 532720 265772 309076 939532 267350 478079 505164 322528
416862 448815 264909 815762 23702 254304 854624 280969 485214 420417
39135 210313 237250 128875 106694 878340 898602 56987 440957 86683
311279 362582 989996 259329 581083 483938 66720 692110 169998 61381
759597 837777 509148 541275 668948 708616 230275 336021 301142 963115
577218 630144 221489 291074 830185 537163 371721 329990 51616 595589
182824 63647 513418 501784 90207 344171 736700 212524 534125 473208
303511 371196 514746 241465 556598 404492 746293 732307 454102 70089
940508 123940 882707 542483 605151 383171 123311 26434 963250 664891
166216 194552 469320 860496 135266 448976 120174 171954 376577 588549
148474 146977 793928 297068 828584 820396 408910 29682 524658 404218
924925 719126 854298 275502 888766 77659 429480 753795 581312 958882
492176 720991 248526 880073 738813 971900 240920 30461 241463 300155
457049 250541 552728 613204 318937 859177 409349 76943 20512 857254
846193 519711 531090 508845 285986 622322 746445 426090 84192 565980
584403 123251 191037 933329 559958 4762 79608 678812 358647 239087
197038 440358 834758 516141 609003 335143 163562 665034 479670 577894
50505 959555 573782 579546 303105 106733 861879 49458 261774 937202
133530 477617 36004 319489 270478 796246 579046 162294 493842 17285
138637 815987 210778 197192 703138 802196 468411 889922 407292 810248
260527 725059 791395 430544 460775 219083 997051 116410 579494 689105
123284 367012 733772 615012 527242 678762 950517 519953 593854 383034
717522 395576 708397 17460 542764 485362 353908 782949 727582 387991
140060 17946 237823 343913 992197 559781 747754 158723 78850 798821
996057 829496 153394 639227 763423 383555 681704 321528 851000 703176
442228 292053 217918 385562 781318 543216 85334 520331 566730 3137
169045 65434 261268 218012 855916 1401 265361 697051 378734 625498
63516 18261 553196 145713 97947 34365 437313 73362 800104 621844
270872 889841 482987 926497 333527 999272 662419 687990 443216 333512
813317 756833 207752 381019 926363 117204 199080 202099 693909 831157
108165 247187 910516 941034 747881 13500 826589 932602 290824 769739
561627 50405 819700 451011 481674 708812 772736 651367 241987 157413
159540 429084 319495 708905 397807 845728 262226 807092 754044 335007
653375 392897 619310 260407 831159 382954 738554 180168 12989 222053
675334 228765 205875 907341 184364 571577 776899 772346 249838 168832
435081 176599 377159 671039 347602 770285 729319 944532 586844 180996
695619 314839 695513 910234 218039 856352 477327 942666 247758 532977
355912 744080 573172 56471 562417 850277 708560 14547 882454 31865
864546 641789 298692 739263 379343 97167 155820 45878 423043 526189
258762 896210 912603 994459 61737 818752 555751 759682 640991 191573
74699 810758 814229 454474 639195 375938 601040 448211 940119 937143
997168 457719 398020 101098 265435 335934 421132 96305 358925 310378
226597 265843 956703 159277 884684 719786 682119 896075 988444 633707
528299 709651 421515 481590 5914 963969 586627 179034 689984 929064
9749 216338 565368 407520 802475 464446 795017 247523 81554 437566
279183 34380 399130 874105 42417 36478 286638 698203 928752 190308
114862 16489 373110 806226 693883 79131 293515 411431 78313 647931
996966 861435 524580 612985 491917 538273 432953 909958 843440 559812
714392 497995 744856 303709 852478 536016 730149 963029 734684 30638
19373 82903 95551 461380 46554 962035 434188 860103 29684 145908
568825 685770 717666 125742 467808 297501 515942 350141 13243 224851
886033 566744 915137 801024 902658 245718 743633 589209 246644 92987
515982 69521 410745 780511 909917 451480 667288 705469 361026 365641
506411 507166 873425 381811 987925 864353 464423 786456 928104 887489
303656 864865 616103 526452 119134 851822 878151 219058 16171 664485
726077 832206 394905 448325 683307 629157 183928 403787 971498 237089
553277 947790 320433 256150 243226 969034 975721 9877 102972 586290
704776 854966 321046 460085 407793 250561 256471 286919 790450 960419
990316 95246 198079 180059 772232 181344 542972 552511 35226 273268
337859 636374 272082 554509 972212 62454 658482 192618 873967 747480
664255 245747 207616 693735 88183 216756 487825 660942 270373 677559
755175 165219 526253 503760 20809 384773 541700 461510 641070 598366
518117 432167 293065 880335 15300 984199 674778 243736 31220 270570
254199 502735 81998 413654 105593 381309 171822 306190 98366 215555
746717 39696 508975 836077 504862 414445 91150 94644 262688 821781
738224 311594 370768 770747 406414 504496 586138 982648 435881 479153
215989 193839 154897 63948 522623 923702 314140 212981 413097 808093
633239 430519 652303 213271 351594 98143 260764 495211 740891 250791
142234 7998 879330 269791 303849 765314 159824 988920 33213 672621
81397 695612 714623 152523 838310 330010 923972 268127 432325 104031
845460 605283 536753 81059 347999 748196 466706 838217 614549 407036
113681 978044 679965 152725 389018 995329 153977 637572 985113 63479
791149 926463 408132 916460 975689 397149 219651 420746 694118 488275
292749 778600 150500 82039 112899 60790 393363 222645 744845 616513
558605 335906 207219 431576 364688 730515 660690 22188 943073 16758
153688 940856 236040 377649 299274 156815 551951 530801 166508 318922
776817 4806 602883 684253 254473 35515 901221 39650 531950 444275
67443 707935 268829 818547 619719 228043 297136 124393 151382 80104
213402 367631 227230 427324 416490 139759 577737 159105 409506 629056
369089 191641 599084 908816 833708 561196 340920 411642 183119 167327
771931 203973 120641 313555 798964 376418 728817 516918 147138 458469
877802 985455 409234 504893 667289 663851 330715 593671 823882 243530
940078 342863 581697 333076 776417 766737 1190 979651 82162 160168
909842 877165 997669 506135 128037 337213 338304 195346 82667 428953
39662 590089 197617 978273 344529 532027 257432 5807 344146 64113
835987 159522 558675 720473 204804 791529 854410 730690 75162 598302
889007 417706 541353 941944 127651 885965 587001 884766 516600 904283
357139 619297 425525 967621 888389 556904 640419 683239 168790 58388
784866 575262 576838 512281 965359 698884 773656 107714 184688 279067
884549 358864 101975 287485 674929 701351 71429 806007 980496 203038
630792 729357 410287 484846 135213 254474 817295 728402 243327 659079
517174 263146 671996 804628 422604 90715 544514 467261 197399 791039
110524 29129 53694 913156 861018 958522 375536 445194 944822 834934
453874 605544 631381 76737 509840 586649 898642 513559 175325 229602
340742 720890 162324 295547 491556 405211 147442 485851 908135 623507
841421 527557 254938 803451 899557 29690 659248 691503 497916 152917
527183 161005 947869 409702 603436 255427 211439 442121 143204 852549
52944 308216 643136 539436 95345 952273 471894 118973 96592 655060
944134 201939 94593 388250 431703 514412 219437 500991 508095 385854
451798 910752 55845 862527 939438 486544 555661 727999 187015 445061
563935 737801 645808 339256 714011 456075 307583 405565 351104 929274
596556 340182 188056 191055 533979 58044 225209 29068 190313 61349
15918 948726 666956 812696 281884 910682 965926 515466 363814 172315
859467 116147 362140 519496 725079 788850 55295 222336 447788 593071
323183 13922 478885 231664 25171 26505 229853 705336 531922 247884
886674 205828 8874 618170 886840 151837 654155 949821 67345 133960
741907 902023 458311 697577 59912 860004 269539 356762 940884 679455
969947 928388 824942 867057 264978 365743 14337 460334 640080 357717
35726 493186 197634 207080 750624 701518 874684 223688 546109 397405
185434 82696 804213 886487 544459 165278 361457 330181 859481 581336
534074 91320 835548 420427 200169 531323 250093 592251 687179 814547
40109 618729 614154 407343 344439 49290 210385 83099 973441 860622
589872 323114 989379 917811 585335 206757 877337 152721 2589 940517
766245 47644 708996 333216 978024 749946 589150 726384 582141 249399
184693 739921 526257 476995 87795 950647 514235 620102 974016 655722
41668 556339 339740 900195 226295 64862 658875 860597 467830 321612
34333 62052 512446 237262 886914 338868 975831 158407 44528 799653
747021 416886 548823 944736 160498 173004 77635 45063 297938 212243
407906 441610 177381 760810 567340 450923 922290 627016 681985 749810
533849 235108 504122 846228 433049 130694 632112 484652 796669 825129
611417 571048 939987 534714 565602 796222 402546 128005 623727 173237
813450 18291 94324 318258 343330 90600 902745 42161 454414 577771
553972 908913 75870 177655 781340 252999 712877 17408 84227 891602
324800 551294 287696 541455 26715 525981 546748 984264 893327 153334
418844 935235 369527 968314 568955 16882 796025 404052 287644 113937
302894 733113 228265 64464 620386 590540 357406 872512 666732 483536
653510 309274 524914 709872 56966 684904 568903 151056 754185 693303
367054 81060 682590 602257 175280 775707 93791 929689 166780 542866
52172 444219 588038 416523 847235 413200 511336 191650 171394 625766
261286 113611 525566 252603 398861 828285 790329 86237 216663 783254
332039 628027 767051 812285 340316 438117 546541 639865 373583 824684
217333 719558 421794 569439 292961 843233 548519 730284 995776 434166
636176 430832 307556 146208 121969 335358 44544 22424 743448 807313
529656 816660 737706 395896 20019 914033 556751 916826 710852 370332
890567 709921 309681 845525 123134 544409 839530 595463 347058 318720
339102 373128 54536 861056 255154 539740 438986 471288 783186 185559
89487 675193 945594 774442 63677 484105 128340 878852 346928 760216
65107 254001 490807 699092 339203 658308 75490 834910 631897 915314
722316 668224 711156 963063 382276 405297 979721 876070 622021 719248
83427 941756 197493 251624 487092 44961 897075 483276 241276 919088
148070 445675 630069 92061 706987 415117 44014 194519 949044 697807
536435 836230 285185 817222 822088 117492 279514 784523 364829 585166
92477 354056 480053 670604 89775 159743 954119 159788 583743 950406
395362 302285 136511 97057 794573 730813 129995 932143 898661 422935
684943 679318 223077 396680 946975 516547 729801 512795 693097 504958
164492 833449 487863 108740 754059 916795 441580 9712 632652 42603
257678 547078 669980 469786 884803 390249 855852 549986 732434 215557
914636 647647 115525 617529 27173 35350 452115 514646 246657 476746
755039 908540 751020 458865 402871 351620 272953 979825 364781 917883
792606 137333 537691 758644 247179 973718 864125 197570 852373 896360
966477 82141 795549 655687 965125 184280 998418 266733 174321 515158
579903 956757 87912 267895 763449 28791 881169 22594 951347 629667
226938 909451 815646 976976 267919 604916 445994 72183 377065 328477
491448 368337 531454 228341 13455 225459 534749 605832 790569 914889
581736 54751 989671 218850 846454 346599 480167 457067 768877 698008
783906 83403 355126 428202 637713 336055 280774 949610 303996 797665
446981 618076 177206 565547 59947 693860 730327 552897 349655 756140
504782 497913 877210 151391 343591 7527 912638 217267 559246 439024
121107 450225 92819 628088 476994 725468 685401 983769 754097 636092
880845 676616 32698 965364 421073 178740 856771 7376 937316 466038
270159 565575 723999 96206 460379 549294 243375 316692 334755 949528
171358 355013 912980 954046 271278 739619 928077 878787 580537 141731
564665 766762 906735 157934 939521 237922 982103 908491 341581 538792
164312 9189 174362 698833 445343 635793 253722 90494 876945 852696
644407 454020 802134 550869 194037 836223 960903 204529 368913 888143
116278 93545 634903 830797 291625 515466 793700 53297 699136 373983
35367 811195 352285 984371 228127 384430 858172 550974 78531 414979
280332 748585 361152 722843 361220 692179 954523 421555 611655 639935
554063 155668 374469 666802 338685 2153 453604 990668 242738 893417
74021 827809 452533 983745 20985 370003 213604 724656 504640 9029
133833 858368 879246 571667 531821 515899 775732 245051 234525 663595
855061 549483 331642 485847 1407 69981 189131 925139 397754 219641
462163 585441 801259 945029 854948 822993 923363 316251 571072 562468
132127 764724 538686 977029 949862 719163 52862 264331 190937 866380
314044 364144 999550 520106 654018 27684 623247 533395 560414 786018
2755 104902 429321 118391 586066 179305 506444 756700 686982 191819
837937 612165 757375 424241 921566 596520 364306 225144 777528 145170
859317 259678 744562 878837 8359 728304 253359 499634 466340 34599
491999 452391 829687 793792 569740 622982 657632 649648 268712 518626
368846 177227 318596 330867 745236 475035 555502 533085 629601 15453
182045 248089 491308 336988 715680 897055 367888 994525 963162 789638
24807 845107 160852 240755 612568 867403 773367 695693 14047 669750
190583 411899 711293 109663 556442 478365 589526 896017 953031 98403
142482 319022 577574 67915 828953 751177 636215 295352 410920 896373
796666 640641 594376 2138 808292 622383 663822 852999 669164 902654
465096 900401 873757 196828 962585 418826 728399 33252 615467 783827
401829 420933 222846 393708 610035 857422 168471 52022 561115 844976
720250 313421 257284 33792 973270 34962 176447 135537 238486 532780
479802 980779 54231 907564 316155 740279 53156 220489 196385 837045
434213 409130 414215 806160 369214 844904 977701 656522 887078 313533
766911 23813 283793 832967 660603 298836 642420 192716 517910 278002
839918 136695 960025 6861 833729 143013 607372 666314 731085 618044
426344 152246 408074 463300 276369 517507 708903 609559 252260 333549
26700 348749 867621 366530 793403 345502 296123 719250 650703 282118
127151 590968 518188 929602 6068 226377 394213 438128 133057 907496
789770 785375 542772 15366 971242 226399 43910 431799 990613 41775
544012 419066 335935 394560 415624 624109 134568 153001 329899 360400
682493 630471 795796 571263 195513 904131 35924 723217 846460 601069
414317 316925 923887 324136 657753 825137 210477 458789 674991 250046
6772 366472 961980 12471 399415 652422 481368 764146 620734 652484
185854 381312 673453 118331 40498 640378 547277 680796 291473 80342
834917 732081 731989 848617 705379 155640 621344 43670 422634 434097
560224 297491 381307 828443 859776 657048 853169 319789 853081 867147
270656 857741 663775 346597 173251 590028 116701 462217 608244 894187
278904 403622 39854 295291 642713 322085 156434 127184 486060 350917
273163 304316 71414 588390 789931 488302 549600 30092 273544 585582
601265 924668 394406 355217 880973 686897 241539 158029 728241 243685
79824 580652 664596 875089 391934 520733 805863 866385 796761 323070
48231 351352 573574 766146 510659 539288 882000 115670 731155 70176
114707 72059 753461 847837 543501 884982 263697 315886 827538 763231
451198 418598 119978 193963 465263 732664 753514 400863 72151 360688
607876 718444 920006 459227 230971 534093 212241 485113 990319 889166
922408 923401 513632 146645 519909 693174 423935 851887 130160 791382
753295 76654 485254 924374 603937 908032 31389 365166 39372 541278
859068 98562 750978 987389 946162 998697 446304 524431 220484 698809
953643 165076 919602 947108 209410 472520 889933 630159 377947 298946
102248 107013 786050 925234 631737 91851 193321 308428 211844 352306
139254 709605 525289 617461 470822 743214 822412 945983 546471 765866
268732 296410 206919 987644 260673 852163 904706 474641 435624 504316
688613 432169 808967 877770 819515 445904 594269 552966 734802 207908
672760 467558 582131 516094 789427 487752 124418 163404 195973 702770
751084 801961 899233 222776 810206 52536 60727 183881 602561 436507
494089 485352 252156 26262 883199 320610 444519 471078 638370 483466
973504 408733 869330 721888 852236 240368 208792 700540 661528 513234
177541 18337 361170 910778 742328 91908 18487 280548 536194 747194
111485 431642 568439 252160 133538 216066 348465 190558 893083 232414
685219 506513 383686 538250 267911 255702 923962 374737 234280 288745
622785 42112 217487 30880 569718 493276 458260 50033 944882 213704
280998 436883 198406 817018 744046 492742 551597 663420 260665 809862
652253 405354 880924 533524 196181 912425 453674 740677 601986 725513
356075 967312 471940 836755 727545 37731 840960 393043 243344 358763
182798 947336 10501 106655 607754 853295 146281 123328 290897 704078
845850 166316 826674 399850 174859 939900 978836 214274 927395 207703
738237 959785 948590 757925 708364 683906 656968 827217 772013 55897
367867 51515 278216 130928 72650 445268 971494 124049 189438 502247
14945 546382 427628 808312 968296 677034 237769 441362 189400 734638
763516 430692 286990 58900 137382 141815 752583 676382 87439 719132
993411 90543 389273 883362 137554 919935 649351 624639 562656 128627
556950 852481 616624 999310 35642 761021 58221 858615 918434 63024
68836 34037 652829 626354 500054 257158 612050 85724 514530 955382
495061 769511 378508 784465 542565 375929 279833 710098 637143 804319
961005 644660 444170 217397 253665 851373 349562 638796 968578 630685
328021 814354 955459 18509 961717 694538 423478 709479 956092 568082
344614 852434 4211 851960 577294 634925 146282 504464 202391 428846
269194 743726 728832 683060 713820 741255 556065 445822 683304 903582
919951 53573 231002 252228 253402 171146 960590 36818 335436 745654
97265 422958 489036 464268 784741 317499 139648 731523 204674 456392
20269 642697 864088 782388 585957 558838 87334 779347 83455 905005
399480 206076 669245 944069 330781 102905 971220 131604 458463 819952
475105 469619 439159 87207 799624 757958 187373 852238 729912 131787
131625 449235 707390 107655 286017 800222 284179 747595 319016 664512
135121 471903 289406 451004 12626 810136 314337 987386 630031 345495
309168 164 18138 244746 512389 762858 696012 11883 650245 541126
349130 954678 929895 603090 867459 587322 257299 353216 563310 884229
679309 518999 19718 666968 6443 599780 327005 299473 324143 172049
301752 881558 301951 763512 667720 659647 445833 565744 203364 983083
777792 252027 471488 152355 802202 153809 872834 354448 132677 346996
468431 487265 548931 525816 153910 304743 678558 896534 163660 802935
946543 680470 435491 340631 16536 944352 17796 53703 700993 227946
861617 754622 233471 214042 108105 431062 873395 364641 151607 446017
812668 508499 887124 734019 539524 398790 727820 544218 218616 199673
495290 968962 782958 922108 526898 277815 144719 20921 363637 689957
734047 324085 418682 52203 248646 231344 923911 518471 987537 366331
234354 918937 689039 518271 706195 846176 426818 990639 882694 237265
70842 886107 352919 97622 935000 390099 978131 274256 100157 999133
706039 800320 529899 48808 507402 825189 684732 15748 407950 492075
567328 531522 360885 945342 56538 611109 991206 800023 818017 141513
888145 254131 580604 222605 55291 322244 488934 333014 116953 258189
397274 624202 29851 860068 729850 946582 207966 236944 828199 610092
937425 205199 465853 598215 955740 731770 84844 903205 383362 100824
633392 929089 810936 152176 290070 510438 168606 977752 33518 105977
594796 761459 415894 782577 687148 520123 11045 770983 704318 330950
586139 67608 993493 4396 378767 926955 359248 353130 270628 818944
803242 616810 458266 731776 558897 151645 308140 876229 535653 360433
356150 944320 953802 549752 248841 167836 136609 224258 385599 127431
668052 825092 360478 247537 878985 16074 255072 988561 644203 346675
347112 960378 854722 698931 449175 475477 718810 806304 110682 181324
231464 508041 611173 257823 133241 747779 823668 754745 596245 962088
603317 978746 174012 546872 193134 844582 35988 997413 375682 896424
855317 614677 851494 968439 155579 258395 704048 347293 129458 354200
373544 469149 538985 682013 957422 486655 374722 41783 806832 120637
319608 635604 183003 771051 384878 517971 404228 839577 311933 444842
16585 88353 892148 86196 628049 527423 106725 174587 323444 636095
727133 678818 41815 936710 321113 423089 883897 557745 770517 214605
566100 905129 227284 957845 782625 633504 644429 276801 492237 981362
855619 281001 301179 669726 917786 530143 599611 737537 63680 453709
748403 284878 65205 483603 858180 412918 767907 409787 744399 200789
831379 813781 33376 564145 125471 663709 6109 225866 719782 960561
485561 622413 810006 352146 203770 210886 954877 194853 814770 293993
693206 668631 530175 678923 906076 961482 900437 147030 497866 719933
575246 329565 133407 127578 371662 718651 661998 24043 560224 499284
625412 459399 106554 22042 840388 712404 676470 203476 428477 429585
31383 876628 583699 65759 570194 230292 140482 840491 811072 709082
169546 920087 496995 716948 689780 382998 462604 276343 323654 211768
453611 400662 319722 572181 487641 990867 672346 243138 214743 183980
520801 416499 33330 756339 921990 665491 318316 679407 770540 531217
136439 134011 937527 34882 96348 215253 742025 541045 61517 135360
27593 425793 902789 289577 657224 551169 644846 511463 514458 877988
951005 93086 551976 250811 359778 433855 932092 336558 804410 546953
832337 465046 791780 831151 721542 73503 5918 792047 812808 46508
721713 952991 171693 587773 132090 200733 389820 371283 178908 896626
485051 597456 580382 502519 88846 355263 338729 722241 966116 70884
723986 994590 580577 927772 762873 339992 969644 972247 67298 643621
51651 76203 2742 879826 427302 808964 216504 437720 260110 55667
379144 641608 48705 386858 638160 9361 561121 537034 79174 589428
64066 621380 999039 979945 881719 327184 129063 749457 26592 966925
324160 95128 740040 829818 665325 688132 156230 655955 538064 889003
514957 703 451606 356915 453156 320209 818703 660885 310053 381643
943529 576208 116293 978571 829041 746796 314690 823682 831191 84993
549069 277012 367437 806767 596046 434180 393262 243184 666733 321369
268406 150917 450372 447348 371022 148875 279763 744560 519175 616674
647960 850028 503086 783997 376437 328974 384997 744105 697305 314092
615134 41315 438012 68974 88210 602848 610691 211907 902672 629449
992842 402503 960028 212570 531230 510107 508114 622243 154728 158531
781416 517886 887172 835790 272192 357912 490662 588806 974676 450026
155586 640270 405540 835986 111612 228523 95655 429636 989869 887500
76896 838308 898926 116471 4874 693356 512661 667184 437066 947408
495768 263100 415756 283440 450973 606030 82736 568880 995844 690038
387675 603815 148257 875442 339083 83063 851719 40356 981376 799092
388692 201626 754074 195186 113778 197465 909554 319485 524940 821916
320191 423389 686047 227033 109148 860895 995913 240873 544623 94231
449890 716469 809194 431636 225386 402870 906201 944084 580872 374408
232732 747309 463108 302128 646141 986386 779878 168601 346721 640423
251345 188038 370332 870114 916032 318756 655446 107987 982773 292904
71722 694868 446528 699001 353024 335655 621934 406619 354895 288745
473166 705639 311137 524139 217019 23186 460211 439311 336224 255557
556014 347783 919881 914034 392979 640357 691285 507917 313807 262393
955944 483692 970286 175190 339903 992796 506588 566977 212587 530889
343323 642647 913782 202565 281052 989312 43234 497793 61071 814818
336904 798851 56101 640406 628467 720866 450739 161605 677391 403019
113812 392533 619160 258126 687418 80170 409704 845010 734511 8950
101747 415621 811814 500512 573032 362553 141999 897375 205986 119198
978672 923544 580993 458826 489391 257309 2754 141987 924200 498765
352722 406667 808655 945512 536223 323856 922989 230964 780550 712601
818682 957332 145709 205537 680367 425499 50572 96062 111109 811506
551313 622222 262253 158981 40446 407250 300860 190596 397346 519101
88429 325088 913607 747396 552166 90535 88356 97979 898368 325947
499614 503487 823453 631388 37585 232445 768088 562832 877760 751653
80077 53151 403493 422414 37202 922483 491953 959344 297819 946232
26934 995453 843157 638425 39410 53081 372501 790709 508023 964687
44166 140641 238598 108523 482660 984078 634939 179878 615281 645538
585203 415639 911165 685531 250101 250838 884243 26894 665749 755666
936976 561525 511568 336281 78816 480776 771358 338016 574041 516526
101941 818038 404700 582757 257457 480290 43792 295666 804505 743674
412470 467771 399004 838999 446548 899348 413485 715839 546462 207882
313135 416574 486039 384562 516950 445937 16191 225368 569923 164366
107007 51198 623345 935363 390029 986543 255311 282519 13271 760906
56029 605947 297157 221111 959524 553229 427124 991967 599721 306487
268829 903045 801547 932115 628744 539205 797226 15290 798630 709175
77838 955557 833090 990504 43883 773996 534979 507172 902699 291746
445328 491749 834544 602024 498575 397969 632849 409534 289157 448355
151888 325216 436891 157084 93404 977480 465088 476618 740921 982376
513556 599259 579670 6773 725513 675719 274912 219737 576491 217773
596584 575158 354439 737150 725555 533894 356877 814768 978538 895305
80814 384724 605427 335571 305780 362849 446506 775621 992857 823938
395659 131858 4197 486218 606164 487979 462449 760244 342315 917271
563640 783380 960570 634925 807633 134659 585929 394763 937905 870666
601659 878416 396206 897602 320705 646145 862626 17796 579547 328510
772252 263186 975585 477773 522183 705960 25650 311768 815875 489633
697499 522545 292968 837999 310216 76571 808985 579980 987339 717918
201859 481829 998457 917923 542958 238589 884513 559715 815788 356796
164021 37294 4803 28028 551051 884160 299484 116737 296968 180334
261105 766614 846701 796802 777490 770975 179561 862047 968650 6415
659319 987307 599145 747000 449445 551203 303897 382503 315323 183572
957083 762718 54734 545414 214282 684043 697178 135435 618673 495157
41576 38875 548286 530200 393932 529156 147942 22269 512909 670172
775707 732351 460726 605379 262257 741740 841584 65873 280438 404158
100145 971124 41482 778357 795157 585003 18453 355074 167073 203191
472771 83831 195804 788002 501714 368768 31882 807870 909089 451418
990944 384464 86129 48093 490962 120374 897691 484144 342058 423757
251632 833490 574075 16538 941978 570394 491336 944446 593615 986300
673695 991756 550534 277227 330945 582379 863354 545984 561505 555169
218353 576118 514474 974369 795948 134149 42879 650804 586838 831773
411535 571430 443574 855192 999721 943542 342663 412765 449677 90396
315802 154936 623761 407968 682289 254470 301079 307638 620398 88667
531778 492803 891564 454678 689787 661459 739809 881728 671211 863253
645994 7929 368548 156417 46261 775973 808835 190066 237840 936550
621836 498238 479820 612490 743805 564696 55110 353224 510423 556786
765317 925887 486126 229100 728534 615018 386168 975657 983535 422936
325131 745146 856537 979670 996386 753010 659696 959240 567593 994132
319221 55517 32694 525723 858615 111387 11162 152291 742159 491019
952272 392793 887712 391525 58017 998267 306376 144319 620939 212058
935023 263025 390413 485301 713839 453474 416907 579332 863360 882760
221240 427812 149772 805348 978904 83195 721084 947498 830950 976939
399264 119817 228291 224936 22561 476180 55858 356850 778192 134653
763492 427099 4734 819426 524152 819028 887602 920184 255105 862955
569214 76197 344382 775627 49924 232237 233218 739477 795309 102908
431165 603441 934570 130283 316606 394325 671122 473275 493926 919556
972617 498748 680419 472953 391577 971417 128619 755702 284724 108756
343223 524642 172439 471745 573330 165186 803796 999466 718836 98186
582816 996551 331381 117632 169165 511915 274037 766564 614975 244816
685881 33175 899160 632546 875097 415932 399732 269824 701671 965399
723463 735021 627240 162573 794108 989617 327688 203618 937288 747654
18774 189887 630978 868174 278926 763700 494929 626123 226077 817918
704147 972773 105754 975397 553023 291478 57461 594100 761970 328977
247795 419919 990552 942496 949441 32080 943086 888064 715131 555172
752497 752534 987876 283759 183726 360429 537179 165151 759653 622583
257913 560225 914665 611056 77740 451282 476272 173698 150453 199912
640272 562711 503580 211700 292891 258294 830609 128953 308588 148233
16817 813085 765887 440954 594546 192645 181712 917465 192036 700832
495375 678782 447229 859007 254311 455836 201041 762705 679952 221127
88297 284687 936466 601967 841340 109060 812669 134636 673555 313876
987489 283853 485185 749542 684417 2706 592715 489269 57250 445906
832495 864002 172420 153629 634840 596398 524095 756799 535002 794327
518603 94286 625860 517898 208759 504199 410340 336154 309645 2804
620034 658331 205214 507113 968453 813279 837746 641236 797738 526029
972456 551880 13702 577699 996154 807406 266723 838955 86241 661424
727803 717871 183414 399403 656170 290082 818033 30962 681475 982092
848520 785494 76638 441675 291033 274297 586511 362185 368363 616806
530499 219990 61861 328542 984042 362917 954739 163110 96477 870839
418700 788721 546457 203852 79472 549907 738466 574235 270874 883445
509251 64451 596 968981 692812 147114 457650 996654 354399 858092
871068 317730 478942 281754 49531 461413 174545 513221 198283 438891
822927 647609 617346 374256 17138 737847 627339 594652 988103 115848
67461 547025 548365 503058 758557 912019 315925 830812 377341 337338
342096 169452 68001 161961 184160 6089 778421 855016 124641 196895
355083 538295 38364 439272 65187 593406 997671 740846 975531 90930
994191 654719 13967 759443 142820 596191 373849 332835 146176 149867
433623 657374 602337 924159 63049 338486 69168 480117 439919 80857
633873 663920 923448 791963 613982 758403 609781 117055 839333 723104
455525 165640 131690 321565 530236 186708 365226 947522 845136 908942
648070 802395 422275 740272 915720 709807 433437 796579 970680 594262
972969 51899 565963 734757 963746 305786 559734 389715 311821 166186
802777 708996 706345 739686 770499 587787 388534 423972 313064 624822
530723 382092 260172 753608 99486 735592 721017 963254 875118 902200
581447 991082 222793 75826 765662 598273 657936 565024 667288 768908
595094 997978 904002 351390 616016 357056 654373 604641 730206 91141
738033 800904 104807 961367 700705 645525 972862 555025 910102 228665
337572 379218 213073 324139 847558 778957 578734 337127 308263 449772
543705 48511 204608 416545 847011 651849 986456 959150 936535 446329
31734 876078 460955 55384 753945 434448 374378 69885 224467 415184
872701 431587 222723 924960 988603 564433 54760 724500 296184 657889
775427 107470 949778 627115 676269 232320 520005 712162 991377 831245
378393 42807 345038 534677 496156 651383 668631 919034 747081 349796
811859 868291 504324 380403 596895 394464 107592 74325 282138 40963
422678 583181 332439 626592 46446 95334 178331 113148 162612 44396
921940 751993 971711 894624 664751 420466 442726 128147 112030 626571
554933 196617 29614 268462 185037 508011 453016 312353 941936 683364
803008 783115 900084 329597 54292 969268 364290 12905 295927 914752
490402 727272 11869 232625 728913 154859 207602 685421 655518 924878
126317 107391 36330 411087 44421 823977 965199 843356 379198 364447
466413 801777 545833 838870 838087 586269 844782 102795 132937 582354
318398 461623 193470 577090 973980 84053 366407 536609 637327 952530
53521 829524 533448 499333 671482 143647 990650 965559 851491 526895
121528 333088 707697 756882 468091 208592 971390 883418 289973 943266
921801 676836 714774 957616 51429 396264 603416 182455 419354 698417
503594 967437 934007 890421 462113 467751 942385 510770 339244 824967
814527 817119 830709 128637 556435 505929 694510 511396 299601 576162
530951 730818 361315 262975 277454 421437 544759 385263 253558 694048
406924 355975 8679 274790 685971 894343 975785 667407 386622 478629
807592 491641 728988 924606 727118 931974 815652 896949 998512 718866
32357 492988 845674 373167 483870 805863 967281 222874 213936 283091
402747 360934 40253 523446 988905 785571 583232 690034 458168 47273
616461 307571 108974 264801 276133 434791 697073 705920 246836 739290
699438 135271 38650 432590 497991 682692 322152 514647 945410 330899
872082 538705 238734 993540 355702 557437 264598 398689 855135 144515
86073 230443 98846 496757 272904 166874 171760 314082 582257 749312
184797 657191 90379 220374 154121 1825 529138 357188 64780 226749
757584 342363 331617 989380 40820 990779 728065 601154 148723 103280
810880 140938 49756 605915 954475 439289 228843 855569 927530 665511
714531 812830 985605 726888 90057 149124 809390 632781 245614 687279
590456 823239 806948 184661 86868 437869 890094 48030 30116 664759
820602 794909 913758 323830 423887 13012 751741 98727 723816 395328
171578 849206 94872 480716 675564 85143 887823 771163 619591 221608
852828 428405 211698 769500 864375 291381 124012 355276 5534 716769
143147 883368 607613 462486 451424 705079 504163 150431 315985 673336
768067 344076 504850 593642 494669 994413 498125 252895 920458 971359
344155 535438 425277 138827 245868 534333 408161 96494 244739 40668
821543 731402 481324 5916 409157 901108 24474 692379 587481 623067
894770 513122 544787 339603 804689 840045 424072 497809 585043 475455
91758 434282 419611 732359 731300 927804 28382 361704 779676 429722
929139 587860 627447 568921 447731 554862 292880 32994 529180 554382
786291 211354 308861 640405 756413 910403 131291 225665 6108 321430
792602 567442 73249 558005 502630 998114 852306 392768 15182 821614
533038 587425 462990 610837 989164 603941 705191 644955 844283 799721
436995 434492 454943 928418 37598 282678 27149 303001 264887 976696
47638 569768 246108 134835 591424 618807 247307 220387 765095 344250
180454 347968 19918 151053 883892 52901 148273 887673 171429 206412
977771 568765 936190 838227 128330 740137 949788 28245 595777 320977
53420 624348 725135 872939 441152 523789 413647 542568 275784 944771
526248 624554 925478 336619 685760 776758 614954 286550 560056 313564
789412 381507 788232 609599 853568 291124 388168 119259 671378 806850
652907 653737 90588 622330 12968 66387 556299 898347 328851 89542
912398 754832 770731 497825 142531 248341 293808 842882 571855 503347
918313 554058 345514 566979 686817 960520 757350 780061 336340 225323
604901 797772 123730 760756 320114 566500 288081 21148 825722 511147
268983 374698 767821 649489 119093 783168 241838 723115 683100 622106
586514 488171 132674 689851 125964 861805 816585 295026 777858 612460
222803 170043 160589 20055 430882 99309 765686 581683 24877 538420
141840 299288 532246 146888 135677 535405 435009 648880 57757 481019
160114 253451 963412 142065 131267 807943 862545 498510 981178 889551
907195 663529 92234 826150 965068 760626 78740 526799 971402 624511
845781 300403 712238 504986 376408 869494 193911 852739 903481 692465
302731 350587 860945 299204 195809 10893 380381 601738 692215 297923
713623 246546 506807 238384 71064 302745 960398 950139 246887 411813
269721 305990 424097 705101 333489 8906 91157 220361 692609 578878
361306 49024 210845 399443 666456 383983 644532 667450 389441 84982
401095 600437 829840 259391 800210 726238 280089 422257 734320 971237
624996 470451 631692 74419 931909 75085 513725 298444 681694 566889
719868 17889 678978 447291 246737 889634 23804 358195 831244 273663
569730 585278 925885 654626 514348 515274 68816 613335 487884 50007
613605 24760 677527 19547 563518 455201 342697 78655 809419 783815
157045 368082 624363 398681 977168 191180 148065 942117 962143 765419
503082 95557 469115 6446 426682 809715 356848 43422 812496 532801
337988 839609 148528 979594 650670 3176 347585 511242 945505 508404
110038 591055 523996 963027 125766 23057 745726 657389 665111 354900
602144 465809 407846 725388 522384 188300 421647 698600 225727 698118
757711 898421 483833 958006 400337 24546 479615 896771 364572 660356
381316 597704 586116 989473 832647 95598 747656 791574 498716 536785
847609 891915 365578 485882 932741 915149 468410 840275 809567 154807
438418 193962 196111 255472 366690 841948 820103 538337 642537 863732
210522 323027 941043 437322 965952 890557 627664 174957 303004 950561
556954 691209 687791 418750 806623 471611 357048 984429 663700 386863
150860 205380 521808 586611 251336 816691 171431 569230 659227 99817
683084 916212 885686 442782 861597 602496 664722 897945 567069 840909
22701 523210 741517 574355 92746 281469 561010 891594 716174 489773
439637 986468 123348 914658 303995 298576 312059 441143 533665 548311
284321 320317 117805 707942 697106 363471 695902 468623 14707 228566
182016 183153 627113 862293 759009 233256 230186 555329 836610 803306
235920 425240 291577 283362 836930 212299 606007 965278 942564 16276
752501 348359 822669 712939 151859 956588 76966 116422 138466 126402
977726 554547 479763 705378 519531 70602 917104 54046 651455 762660
459250 269465 440314 699936 650891 34389 296110 674423 943604 217462
112371 957064 856028 263545 265796 840363 208171 460658 836823 891782
895221 202138 935396 372331 197367 320034 539664 49253 529354 543634
570458 772246 865704 673252 337544 182140 644439 124674 271994 286065
583915 728440 138557 161163 431889 862068 607869 670322 174104 949885
56602 481811 163306 976511 478734 860261 60438 292842 712311 25260
592361 591696 385419 503347 614288 705072 276817 313155 1378 847158
52545 679169 983997 672101 590060 809803 356145 708207 475078 934533
651157 595772 937733 740746 650824 661717 49877 915053 534945 368167
64128 509204 513848 840746 157543 638750 512081 734709 814876 716524
606636 657863 704076 909247 698932 870840 487773 227805 242825 873949
204926 800620 747686 412541 185350 360597 170027 92768 435303 612938
182986 629957 657244 402921 618579 18420 315715 90336 995139 51065
547809 270549 369500 18359 367396 825104 918117 540926 108376 55562
404124 120860 557994 90284 236871 270070 622470 887741 411681 357118
224124 419038 261342 102102 148423 650134 160609 192345 172928 122753
633652 702445 222306 365338 973007 46817 788933 197795 936992 757677
996431 697374 5984 436885 848703 180035 754939 178059 995262 441003
523286 249833 837529 582567 281949 158845 313677 435882 3488 922484
864762 328576 267497 105536 337121 593008 399264 681950 310926 305662
311150 195326 775060 585633 676941 162820 128062 639366 80730 296432
962526 728087 282309 196700 587772 423771 143141 493547 985504 61443
488360 185842 301651 81301 892772 101720 941718 292263 842509 454770
503576 796115 368635 664689 583910 386534 606391 298013 450793 822194
476969 926073 795115 972292 870670 332716 427320 614810 316425 914782
754154 93030 506884 772235 740608 110802 151543 870559 486416 81522
290963 92303 763267 448550 358182 645034 251688 530100 928526 394778
916390 963942 549486 575773 929969 346598 544576 915936 849472 851431
545682 931025 978588 537146 718274 156868 480542 45259 248096 964970
75337 96100 547823 265641 507159 338940 848852 262130 171976 540238
388174 270079 666864 1189 995697 321062 170740 594286 123480 657776
900078 443248 176699 39019 531228 493976 332696 747259 403654 656306
446967 606013 768753 38642 79956 338517 48402 620665 411971 231553
755516 364318 867702 142683 378317 180452 83932 633362 426937 759116
815813 726326 787082 25336 885915 214399 257885 286385 246504 192682
197489 310458 761223 440194 174559 738564 335635 945056 46361 91976
87268 135161 803749 206438 63116 505975 319959 771445 548388 193941
545254 871746 552849 206529 141575 303471 824109 442680 647874 326260
888378 338338 765443 694146 824520 173891 639706 869849 974231 154583
557617 345339 79707 422841 601991 362177 612540 403334 648764 954956
319356 356420 108501 801370 657024 206246 692423 672426 419913 107783
428796 249712 688504 458510 604455 403687 665802 139863 929010 938106
819186 457892 791206 687943 578122 850402 311575 178235 341334 94506
320876 796675 690752 615636 366296 427847 863409 442523 759534 585414
470032 375793 82863 165483 7175 231735 937017 207087 550046 141371
491219 240292 927251 898034 59366 858404 238918 522405 567734 109246
269316 260732 427561 187343 482671 446758 86933 745041 538501 149198
262079 966679 918274 18092 349207 459381 910755 761626 996543 45297
286731 622561 706778 254030 296414 728371 285688 359285 528894 69166
991105 350253 963017 918674 810178 80160 397173 611060 514036 884908
22590 79260 674454 236591 62438 742587 282684 414881 738012 116888
281114 642686 133632 74438 12177 486942 444397 501291 760466 36196
385194 787780 792014 398954 906384 265895 340776 761743 576300 248150
822606 126012 75165 715909 998338 612656 48291 715906 914601 484969
703117 478453 182739 135660 708383 771798 89532 841058 765323 467781
149968 329577 602440 879475 512484 470746 648461 969999 901428 590678
766037 776242 611046 988258 38218 233404 146897 184054 119688 57770
424165 106873 72447 526365 485359 787 640433 690566 990010 82048
688690 632822 953285 372294 577725 824930 970205 18704 800238 173609
306890 798820 949301 445507 686405 390576 994965 683232 645183 529912
9360 63168 271829 624427 31347 252813 989700 715711 720161 926622
65339 641736 691739 181544 55729 222028 132234 313864 111306 118113
481984 548427 924987 902799 598022 587672 600364 758782 493783 529978
66830 366000 203439 21584 674900 279253 518652 94268 806669 445798
369623 234188 256625 23584 207284 926889 182809 513791 20672 18236
153041 835307 156987 276334 370075 907632 802027 354800 207643 517693
930755 201288 196803 740483 56684 585421 563221 873846 104840 262552
644313 426722 705690 17110 736768 269815 902367 306890 294926 464186
486704 474500 457541 356876 626648 576057 331768 984390 640562 143713
575835 98814 490640 923660 611370 901433 722808 1777 587895 835399
309754 387793 573989 491039 426680 953893 332189 868480 942776 941527
318358 3330 215426 750124 314140 804032 147470 395226 625201 579398
421430 607858 103153 481112 904386 502465 383188 919599 434587 686644
106539 652315 947031 440606 744615 764960 312730 67190 816598 527094
771015 999008 542591 678485 305567 204476 162990 510614 206189 700992
115770 922716 890351 824298 807180 88425 164046 299225 561713 408653
539951 769248 207214 393652 683009 192947 683097 575959 537520 230654
106051 12444 856682 786578 828713 843750 600952 747773 801695 667358
485507 730989 21739 493191 488759 704634 630002 327262 228170 696086
380181 492036 33215 27379 763919 625097 612008 209463 134602 411845
867988 759929 197242 735513 24649 377894 828825 812618 654656 243828
49631 170441 881273 660639 718708 654675 521302 139104 367197 582037
265514 549656 386776 722595 280944 160600 306388 542600 301621 833339
491709 841213 954308 384301 761236 170392 649907 924875 144546 241747
335010 316538 35582 344740 553164 192087 670641 948069 920466 629605
793964 125829 278845 333199 441859 277603 160084 834217 980039 69952
880095 990980 680399 796034 456967 146875 182327 472935 31249 56095
414095 746241 33367 132090 882431 334218 685020 522031 373949 347039
781141 119058 79058 175735 277427 327392 626678 362686 215828 32944
308502 535942 260311 657656 651717 520277 93276 665259 808859 822388
481903 437772 945906 946809 470553 906483 980075 225520 46 708116
85376 27558 390449 797711 852109 875093 392763 446684 146455 302155
268395 832555 882248 537454 487762 639933 720426 595354 89859 139494
100165 537493 179274 164023 131163 752996 772531 144176 747589 185246
655648 425789 248870 698757 515775 415545 243331 990896 685862 604415
864508 55379 384445 138822 929355 859853 313435 745645 485574 752140
758452 282635 429988 922002 958185 196453 150785 318744 696130 273132
46927 1697 879875 452032 814946 826811 190484 238815 232214 288759
3070 841351 313874 384414 471015 680897 404419 239570 423807 772514
734331 714633 2028 650142 776402 718980 919151 342174 247711 451338
827166 115572 306331 272263 827544 826192 640486 377993 387931 677219
704164 171053 203722 651968 528427 168562 349544 752155 944844 751567
759165 298705 290103 419803 727805 83468 254867 78932 113740 919910
360008 663449 687298 718185 781905 977968 18008 412172 4678 457431
111717 509319 910348 372391 118483 856806 510230 104667 179325 99454
359778 222464 118183 936634 916494 51797 866191 324605 345553 717721
542127 659385 88822 959531 986193 853307 93387 531804 357923 290165
912352 171636 542558 437218 819729 935064 312165 501353 55470 223952
928073 210052 563352 471604 763446 277974 6907 765546 624926 701712
470195 156406 283858 341630 777190 495755 739161 150383 216756 84279
214025 62150 582988 430427 254256 758746 437863 520198 270883 834691
396906 124597 88219 519594 674528 378377 757825 738454 918703 65508
358786 857063 80755 687379 634953 866585 708917 415120 904582 15190
166368 318303 97071 81440 859256 764960 779309 317396 255690 970339
216393 436591 135348 772841 566243 515731 134559 291985 167131 226572
236421 486819 530761 237278 677463 569388 599635 92130 305931 833853
401710 569329 288064 482865 347073 496860 538155 665613 802569 529843
767377 21376 117252 570408 436804 403677 552287 339297 142607 508304
836370 640734 436507 970909 585651 121017 640159 909864 233937 525426
794524 99151 554633 59576 180497 285139 9278 991188 603892 403520
748681 835967 693367 570428 35957 280202 20467 778433 14875 891858
686329 453539 85473 204500 140525 357666 183828 550630 49759 561453
625237 687134 21815 844316 719865 393776 274428 770735 139458 358399
655304 655927 896624 740895 216008 251882 13799 304712 138110 237086
110337 468127 957407 862256 217956 725628 666816 376122 948688 567473
860558 718788 258025 674548 652642 767825 13465 299089 939678 408340
61362 704414 375827 438607 532253 357221 974857 182906 742421 377495
974441 122479 302601 567650 285027 55540 962401 262516 843640 130680
302340 978242 742327 770061 15340 814690 282326 287279 845218 478841
517853 372275 835353 996487 915908 386618 567033 841338 495167 108372
840360 247796 866923 149534 214839 48728 896861 398231 569663 130369
302312 130543 669858 780977 295826 27353 596339 525276 361773 697194
510966 731702 418631 966073 696825 292972 110075 246420 892353 564305
635730 697470 668201 633460 713686 751300 266974 584441 651287 70024
712224 829275 652040 739738 911620 938436 576947 475254 758447 283886
211506 782200 286515 38666 70509 771560 943949 108121 45095 629525
660891 7023 81669 979229 969475 218270 829089 134571 371114 118072
313430 603138 212907 598218 192059 477846 424644 226564 473545 912897
987555 416204 791430 228305 799415 387268 906966 296337 306941 802880
334259 251759 488894 765368 584874 952845 291811 608499 577762 82017
186749 855112 587974 909892 675692 867594 823591 596901 86498 770565
566809 12593 809481 592903 513228 437619 231177 957658 25152 115036
74805 657828 800245 747665 524835 718469 783628 220338 780999 185201
423893 942756 382138 105890 197295 498502 332286 836983 631694 344510
371824 819246 452943 829876 209258 202820 131777 907805 201815 483721
526582 438560 130964 813669 340152 667129 285047 744138 499963 10396
729858 477405 262498 955806 618427 91814 23006 833212 794852 837428
836507 882994 410430 441409 84473 541967 535273 354025 527466 806140
762619 465233 710709 801966 980342 415129 698361 58286 223607 829010
421602 844889 905123 482781 409283 659667 914599 798895 876318 923271
502120 624092 62651 468391 752440 208829 432924 255326 147393 216114
449699 922528 424602 258422 794609 987951 480483 646342 794622 818479
730489 537466 418137 284097 308914 917729 688220 662509 955803 785367
322813 902736 609362 657348 937251 446517 894129 764083 947117 449852
58000 333508 770099 8288 745622 454966 680260 629876 318705 387981
283461 864370 587610 216326 374797 272111 832804 644219 837801 216209
28209 901887 32464 911676 43006 438659 277821 681938 152351 95438
54746 174097 221371 641015 654537 978851 794542 645610 994039 100758
847192 661880 545901 74343 460913 141945 531042 342959 853913 570017
479492 359003 264907 315680 752291 441807 452772 522900 563346 823076
218441 15602 258012 699627 253503 534827 60832 440226 569896 65615
391837 250709 86900 805477 688541 360656 694841 646376 26134 946864
942773 465124 96741 588797 439378 837787 990320 882496 613081 280028
128659 698102 560796 217899 240604 702011 977745 305527 253316 699853
678071 946735 218011 332317 892185 771610 750037 883238 99482 193815
772627 477186 543571 668482 224847 369304 927128 728462 973131 176640
89803 740927 97425 529591 286951 115058 722249 836437 733893 526058
784456 780265 138832 148263 294778 882189 425355 219006 769106 904638
241158 869963 956684 63803 285021 872285 555137 788471 304993 679399
384332 653418 280606 363989 466806 411697 883002 38812 750159 16565
947144 135358 53745 240325 397218 566313 660764 206047 462052 118646
983037 434166 560134 846635 413782 552103 239040 50535 203815 882494
479119 336211 425246 404428 185651 877903 622791 607781 270822 355691
766531 639581 550360 443162 563505 813303 542337 57023 300766 523172
538014 495949 751049 61397 26730 110965 615529 818747 552644 897646
461436 274856 36805 354090 816772 238390 267534 198084 202898 765803
147139 729716 234343 847476 403160 623831 171372 738837 212249 569248
799221 165514 361707 20199 399387 118847 529552 102532 944772 962791
241139 797063 212257 518056 75509 130896 596743 584759 72760 490071
20419 105198 327872 737643 676229 651949 142845 140321 109125 124908
199189 165828 82167 876699 911113 494155 386481 106226 624887 343381
248135 830188 932527 859003 235948 671986 942473 999786 886837 266787
942157 64563 55832 542127 156876 847110 194006 284873 289262 782776
411600 58758 771920 521409 121368 288392 890778 823348 570080 975865
839510 512310 635264 686611 889647 982041 570769 686764 26088 364477
29975 336659 694182 612466 361670 71591 310070 741516 371783 465560
757185 393190 930181 45708 199816 521929 688103 943680 27573 455585
146068 512303 162870 484766 711060 564902 785171 242397 54401 896166
992881 925602 184418 461527 918498 23856 968009 831674 259268 81810
29999 535204 986198 956147 362942 270968 253422 953960 484099 492550
175246 715332 53015 765118 804409 372577 849625 808045 554295 983628
773412 532657 636803 62161 391886 546249 139932 864204 604172 350300
183555 760418 663618 559756 940319 433717 649464 99121 16643 95309
970563 228200 716155 112613 860220 265602 991357 707177 178871 894851
596675 302032 37492 472229 780258 435271 254714 958648 455171 266788
317156 310761 351565 159194 213762 662550 168984 279730 174032 997247
105447 740964 949614 70373 529006 356728 126697 829100 898561 236937
917440 959659 731962 976271 362985 189237 862288 810888 247125 70072
32940 616776 831884 317095 990103 527370 519318 508933 56593 124921
998099 569874 721457 727067 248322 520219 775472 176788 37385 966962
484736 817877 314202 106969 369826 674815 652541 160461 405040 681642
318939 572623 106840 610921 663106 152949 212780 547142 267219 148523
982497 864528 70401 904785 422733 157256 619993 557344 800932 165732
980395 957603 619653 91317 663187 563133 239225 512859 790184 985187
412429 398373 653478 858813 134885 537920 726571 856686 469880 832713
756361 995790 411061 438886 581774 51158 130272 980372 232465 715780
160428 586595 97537 699811 446537 778735 721953 715658 373022 880818
333021 4216 796719 464001 514469 502369 183285 712982 274182 731879
448651 455886 548596 23244 760289 407207 619560 128613 724914 30048
397454 885911 967522 504659 858067 101045 40929 501643 995213 38044
424119 792038 13545 610887 945944 610429 569820 15690 350748 926506
977734 160461 650172 879575 393537 85662 643914 138879 809004 371144
101763 649836 765509 520462 292644 349428 756475 930064 170753 398576
209460 995259 881716 841294 564873 513603 845331 555530 654119 504054
942935 710917 215521 144624 342034 280089 140041 812628 114084 496316
406382 943270 107866 733665 372316 887707 466132 914139 324139 17537
799964 503976 105060 326514 528450 949279 17179 101155 507153 238480
859046 682638 808096 842368 742509 347628 726051 867709 722849 932685
574784 254340 792930 692638 786053 539628 661290 979686 965895 69740
689628 876748 657416 847998 630914 788574 369509 951165 511791 599990
823712 331599 177427 837094 544338 699389 435560 276087 250083 375494
557526 566626 734799 17876 619474 709410 999645 718762 737683 707375
423172 368000 880790 377924 939457 170751 311453 69737 929011 60357